0
0
0
0
0
0
0
0
0
0
0
0
0
0
0
0
0
0
0
0
0
0
0
0
0
0
0
0
0
0
0
0
0
0
0
0
0
0
0
0
0
0
0
0
0
0
0
0
0
0
0
0
0
0
0
0
0
0
0
0
0
0
0
0
0
0
0
0
0
0
0
0
0
0
0
0
0
0
0
0
0
0
0
0
0
0
0
0
0
0
0
0
0
0
0
0
0
0
0
0
0
0
0
0
0
0
0
0
0
0
0
0
0
0
0
0
0
0
0
0
0
0
0
0
0
0
0
0
0
0
0
0
0
0
0
0
0
0
0
0
0
0
0
0
0
0
0
0
0
0
0
0
0
0
0
0
0
0
0
0
0
0
0
0
0
0
0
0
0
0
0
0
0
0
0
0
0
0
0
0
0
0
0
0
0
0
0
0
0
0
0
0
0
0
0
0
0
0
0
0
0
0
0
0
0
0
0
0
0
0
0
0
0
0
0
0
0
0
0
0
0
0
0
0
0
0
0
0
0
0
0
0
0
0
0
0
0
0
0
0
0
0
0
0
0
0
0
0
0
0
0
0
0
0
0
0
0
0
0
0
0
0
0
0
0
0
0
0
0
0
0
0
0
0
0
0
0
0
0
0
0
0
0
0
0
0
0
0
0
0
0
0
0
0
0
0
0
0
0
0
0
0
0
0
0
0
0
0
0
0
0
0
0
0
0
0
0
0
0
0
0
0
0
0
0
0
0
0
0
0
0
0
0
0
0
0
0
0
0
0
0
0
0
0
0
0
0
0
0
0
0
0
0
0
0
0
0
0
0
0
0
0
0
0
0
0
0
0
0
0
0
0
0
0
0
0
0
0
0
0
0
0
0
0
0
0
0
0
0
0
0
0
0
0
0
0
0
0
0
0
0
0
0
0
0
0
0
0
0
0
0
0
0
0
0
0
0
0
0
0
0
0
0
0
0
0
0
0
0
0
0
0
0
0
0
0
0
0
0
0
0
0
0
0
0
0
0
0
0
0
0
0
0
0
0
0
0
0
0
0
0
0
0
0
0
0
0
0
0
0
0
0
0
0
0
0
0
0
0
0
0
0
0
0
0
0
0
0
0
0
0
0
0
0
0
0
0
0
0
0
0
0
0
0
0
0
0
0
0
0
0
0
0
0
0
0.000115482070041324
0.000167288958601347
0.000226035365783838
0.000292720501678784
0.000365589578422456
0.000440454227642800
0.000453553604332604
0.000510382309596001
0.000622774476746394
0.000742746322299287
0.000868469068294289
0.000992817671843990
0.00102796476924339
0.00111954336420758
0.00126031756478059
0.00144341066500863
0.00166076346125338
0.00192357803790441
0.00227201652926362
0.00264906258037963
0.00302538556586290
0.00293086454721017
0.00277060400526317
0.00284547886648721
0.00295723165629235
0.00308060158102646
0.00290194342439747
0.00290381570565940
0.00303671517947909
0.00329241160462033
0.00369918843336817
0.133052286540912
0.274936607980793
0.302987361672126
0.319003377676483
0.331054113482168
0.341336481268893
0.350933064443709
0.360242864427521
0.369462275665157
0.378686592761980
0.387955167023090
0.396268629039955
0.402769503304666
0.409277406097589
0.415768889997680
0.422222416713383
0.428621216328339
0.434954296290536
0.441217322348638
0.447412178000255
0.453545409450511
0.459627357140510
0.463734251877946
0.467215773432980
0.470683560697855
0.474150102689403
0.477625914834014
0.481119113549574
0.484635193810730
0.488176995777386
0.491744847342450
0.495336864947860
0.498949385935649
0.502577494918657
0.506215597648103
0.509857991440248
0.513499382868190
0.517135441355751
0.520762578782305
0.524281634883407
0.527054595945537
0.529815559934824
0.532566125823438
0.535308644266611
0.538045918424240
0.540780903038864
0.543516427448452
0.546254962334427
0.548998443728076
0.551748161703795
0.554504715569057
0.557268032331808
0.560037440847134
0.562811790420270
0.565589599947042
0.568369222117855
0.571149006974585
0.573927450257989
0.576703314422341
0.579475713659821
0.582244158368108
0.585008558734801
0.587769191028583
0.590526633380612
0.592816359308120
0.594439781845589
0.596061644930285
0.597682821583982
0.599304033188779
0.600925796375751
0.602548393712425
0.604171868507222
0.605796041918668
0.607420548780674
0.609044887231378
0.610668476427083
0.612290716365046
0.613911044121857
0.615528981588422
0.617144170957008
0.618756395662101
0.620365586042163
0.621971810511985
0.623575254364691
0.625176189336408
0.626774937685571
0.628371834732692
0.629967193594165
0.631561275286272
0.633154266563803
0.634746266897950
0.636337284998428
0.637927244343325
0.639515996377736
0.641103339437447
0.642689041082242
0.644272861397417
0.645854574933240
0.647433989272987
0.649010958707419
0.650585392091362
0.652157254603082
0.653726563753796
0.655293380541766
0.656857797062211
0.658419922135839
0.659940765605022
0.660835706898017
0.661728284216393
0.662618552014739
0.663506530438246
0.664392205505329
0.665275532783225
0.666156443841876
0.667034854551487
0.667910674185715
0.668783814304581
0.669654196507140
0.670521758342932
0.671386456926586
0.672248270081876
0.673107195119724
0.673963245601076
0.674816446626590
0.675666829313760
0.676514425159767
0.677359260945224
0.678201354719625
0.679040713240718
0.679877331040181
0.680711191082205
0.681542266794772
0.682370525106447
0.683195930029204
0.684018446297074
0.684838042600495
0.685654694038983
0.686468383536614
0.687279102109036
0.688086848019030
0.688891624993075
0.689693439779105
0.690492299395027
0.691288208442282
0.692081166837665
0.692871168253463
0.693658199459238
0.694442240640107
0.695223266640858
0.696001248967778
0.696776158285034
0.697547967081308
0.698316652162299
0.699082196647766
0.699844591214593
0.700603834421520
0.701038998728972
0.701295889697858
0.701549619345973
0.701800209968785
0.702047681631504
0.702292049527288
0.702533321864353
0.702771498537372
0.703006570749599
0.703238521644070
0.703467327887061
0.703692962037583
0.703915395445282
0.704134601356129
0.704350557878005
0.704563250470173
0.704772673670684
0.704978831858570
0.705181738954182
0.705381417079066
0.705577894313093
0.705771201787961
0.705961370431169
0.706148427714862
0.706332394765057
0.706513284148771
0.706691098583821
0.706865830716514
0.707037463997136
0.707205974564430
0.707371333940993
0.707533512253377
0.707692481633167
0.707848219434673
0.708000710923352
0.708149951144980
0.708295945772854
0.708438710839758
0.708578271381129
0.708714659133012
0.708847909530043
0.708978058324006
0.709105138184120
0.709229175641895
0.709350188706036
0.709468185400610
0.709583163380534
0.709695110663099
0.709804007395141
0.709909828465428
0.710012546682395
0.710112136178089
0.710208575676179
0.710301851277434
0.710391958468562
0.710478903143825
0.710562701534654
0.710643379059111
0.710720968218067
0.710795505766018
0.710867029460883
0.710935574740555
0.711001171680187
0.711063842552312
0.711123600245849
0.711180447706891
0.711234378454177
0.711285378107184
0.711333426757209
0.711378501923071
0.711420581772530
0.711459648264420
0.711495689877410
0.711528703637719
0.711558696234991
0.711585684114263
0.711609692542126
0.711630753754698
0.711648904392427
0.711664182501453
0.711676624425611
0.711686261922335
0.711693119809187
0.711697214388309
0.711698552810624
0.711697133439327
0.711692947164342
0.711685979517680
0.711676213354905
0.711663631809181
0.711648221197847
0.711629973569535
0.711608888621496
0.711584974787113
0.711558249384806
0.711528737821630
0.711496471946781
0.711461487740997
0.711423822597751
0.711383512493806
0.711340589355903
0.711295078906208
0.711246999214643
0.711196360107368
0.711143163486364
0.711087404515555
0.711029073535207
0.710968158488548
0.710904647591034
0.710838531949142
0.710769807844122
0.710698478435680
0.710624554706383
0.710548055552231
0.710469007018998
0.710387440777095
0.710301677425739
0.710205445319526
0.710106810084684
0.710005802741855
0.709902448611319
0.709796766091416
0.709688766220758
0.709578453063515
0.709465824866063
0.709350875848798
0.709233598428266
0.709113985619418
0.708992033350515
0.708867742435723
0.708741119990995
0.708612180142719
0.708480943958504
0.708347438616329
0.708211695912526
0.708073750281304
0.707933636550974
0.707791387689018
0.707647032786899
0.707500595506443
0.707352093156049
0.707201536493205
0.707048930267714
0.706894274437128
0.706737565911237
0.706578800624479
0.706417975700262
0.706255091462981
0.706090153072971
0.705923171604047
0.705754164447691
0.705583155004755
0.705410171706156
0.705235246479240
0.705058412837961
0.704879703815976
0.704699149977638
0.704516777731271
0.704332608133114
0.704146656313456
0.703958931584933
0.703769438215173
0.703578176770573
0.703385145873695
0.703190344170668
0.702993772282389
0.702795434516646
0.702595340146947
0.702393504114619
0.702189947077490
0.701984694803667
0.701777776983860
0.701569225601780
0.701359073052033
0.701147350222845
0.700934084763941
0.700719299737697
0.700503012806836
0.700285236049746
0.700065976421989
0.699845236808172
0.699623017540482
0.699399318206775
0.699174139538117
0.698947485157053
0.698719362984447
0.698489786142675
0.698169523083784
0.697785461268265
0.697400203896843
0.697013782442281
0.696626229368987
0.696237576260477
0.695847852048396
0.695457081548556
0.695065284473814
0.694672475038239
0.694278662198503
0.693883850504476
0.693488041460254
0.693091235237433
0.692693432541326
0.692294636412726
0.691894853754968
0.691494096407688
0.691092381641055
0.690689732011532
0.690286174594435
0.689881739681163
0.689476459091551
0.689070364297047
0.688663484573002
0.688255845395673
0.687847467271819
0.687438365139044
0.687028548409142
0.686618021652091
0.686206785843660
0.685794840033571
0.685382183241400
0.684968816359874
0.684554743843250
0.684139974982276
0.683724524614481
0.683308413183514
0.682891666136737
0.682474312727431
0.682056384357760
0.681637912653056
0.681218927490437
0.680799455211511
0.680379517228932
0.679959129192031
0.679538300812731
0.679117036376666
0.678695335884766
0.678273196696668
0.677850615487872
0.677427590294605
0.677004122408409
0.676580217898196
0.676155888579274
0.675731152311905
0.675306032589258
0.674880557457098
0.674454757885805
0.674028665780052
0.673602311855147
0.673175723626448
0.672748923747010
0.672321928890056
0.671894749311018
0.671467389145873
0.671039847417283
0.670612119637345
0.670184199825348
0.669756082709037
0.669327765854526
0.668899251476091
0.668470547712266
0.668041669214915
0.667612636976727
0.667183477410540
0.666754220781200
0.666324899166830
0.665895544182733
0.665466184730769
0.665036845036344
0.664607543204011
0.664178290464311
0.663749091205593
0.663319943794028
0.662890842093290
0.662461777513211
0.662032741353554
0.661603727172676
0.661174732905541
0.660745762482322
0.660316826754831
0.659887943616922
0.659459137297896
0.659030436904043
0.658601874371617
0.658173482064488
0.657745290293022
0.657317325042329
0.656889606176098
0.656462146329162
0.656034950623597
0.655608017248439
0.655181338842812
0.654754904528223
0.654328702358737
0.653893979065553
0.653455845430560
0.653017944276023
0.652580282220959
0.652142873545349
0.651705739746766
0.651268908243961
0.650832410371714
0.650396278895023
0.649960545328624
0.649525237372804
0.649090376765439
0.648655977804060
0.648222046715615
0.647788581954149
0.647355575398921
0.646923014320167
0.646490883888938
0.646059169942138
0.645627861681743
0.645196953992388
0.644766449103642
0.644336357397852
0.643906697262828
0.643477493999589
0.643048777906004
0.642620581754442
0.642192937954074
0.641765875727492
0.641339418632118
0.640913582718936
0.640488375548678
0.640063796186779
0.639639836184666
0.639216481439367
0.638793714719675
0.638371518567299
0.637949878235356
0.637528784319702
0.637108234772240
0.636688236055725
0.636268803298784
0.635849959426336
0.635431733360888
0.635014157499971
0.634597264761512
0.634181085541687
0.633765644942445
0.633350960596569
0.632937041350069
0.632523886962520
0.632111488867143
0.631699831907823
0.631288896854481
0.630878663405070
0.630469113323069
0.630060233341003
0.629652017485768
0.629244468547618
0.628837598514121
0.628431427911647
0.628025984125788
0.627621298893350
0.627217405257783
0.626814334345234
0.626412112341899
0.626010758031847
0.625610281190375
0.625210682028328
0.624811951759368
0.624414074229345
0.624017028420313
0.623620791536643
0.623225342309553
0.622830664128190
0.622436747623584
0.622043592394721
0.621651207666341
0.621259611794155
0.620868830670129
0.620478895212047
0.620089838231890
0.619701691053560
0.619314480282563
0.618928225114552
0.618542935507524
0.618158611441038
0.617775243357048
0.617392813735815
0.617011299623976
0.616630675816346
0.616250918312666
0.615872007635088
0.615493931606424
0.615116687251612
0.614740281588424
0.614364731205857
0.613990060674200
0.613616299971982
0.613243481234790
0.612871635214720
0.612500787876620
0.612130957543388
0.611762152938732
0.611394372369299
0.611027604151382
0.610661828237015
0.610297018848079
0.609933147803066
0.609582074224822
0.609260956126466
0.608940659776061
0.608621180182609
0.608302522673770
0.607984702396601
0.607667742585776
0.607351671801873
0.607036520470013
0.606722317137352
0.606409084905643
0.606096838476968
0.605785582178638
0.605475309215291
0.605166002246470
0.604857635224474
0.604550176270068
0.604243591232165
0.603937847488442
0.603632917508526
0.603328781724956
0.603025430337264
0.602722863801979
0.602421091920870
0.602120131611677
0.601820003608756
0.601520728474740
0.601222322391322
0.600924793225763
0.600628137334727
0.600332337471544
0.600037362016906
0.599743165572741
0.599449690764794
0.599156870912900
0.598864633068722
0.598572900803221
0.598281596055646
0.597990639325034
0.597699947468044
0.597409428309768
0.597118971073637
0.596828431089214
0.596537605901868
0.596246196718035
0.595953741121027
0.595659480656038
0.595362052486607
0.595058564621600
0.594740047167625
0.594333228356161
0.594026098776818
0.593737177654961
0.593455826837232
0.593179321867166
0.592906465821152
0.592636609864043
0.592369358719734
0.592104452581979
0.591841710756528
0.591581001366900
0.591322223659235
0.591065297096703
0.590810154465804
0.590556737540133
0.590304994465195
0.590054878331146
0.589806346556342
0.589559360791275
0.589313887107951
0.589069896283307
0.588827364026038
0.588586271037778
0.588346602842315
0.588108349358691
0.587871504233216
0.587636063978684
0.587402026994040
0.587162818913369
0.586921481426523
0.586681554235063
0.586443034099557
0.586205915971218
0.585970192934344
0.585735856412660
0.585502896600590
0.585271303058418
0.585041065395507
0.584812173959541
0.584584620452517
0.584358398405511
0.584133503462369
0.583909933445463
0.583687688201723
0.583466769251554
0.583247179284338
0.583028921559831
0.582811999283289
0.582596415023003
0.582382170232082
0.582169264922944
0.581957697524596
0.581747464931672
0.581538562732738
0.581330985585893
0.581124727694432
0.580919783325701
0.580716147313257
0.580513815486237
0.580312784979669
0.580113054394232
0.579914623791777
0.579717494531774
0.579521668971504
0.579327150067505
0.579133940925746
0.578942044352439
0.578751462455804
0.578562196341985
0.578374245936435
0.578187609947098
0.578002285969249
0.577818270715838
0.577635560343495
0.577454150834344
0.577274038388548
0.577095219782596
0.576917692653423
0.576741455678011
0.576566508630837
0.576392852315882
0.576220488384348
0.576049419061912
0.575879646819068
0.575711174023695
0.575544002616018
0.575378133842483
0.575213568077403
0.575050304750413
0.574888342385178
0.574727678741899
0.574568311044439
0.574410236263641
0.574253451422698
0.574097953888752
0.573943741617397
0.573790813323042
0.573639168557328
0.573488807688854
0.573339731789065
0.573191942439870
0.573045441487269
0.572900230770907
0.572756311861545
0.572613685836742
0.572472353119874
0.572332313399629
0.572193565637355
0.572056108159213
0.571919938820278
0.571785055219623
0.571651454939992
0.571519135783369
0.571388095974956
0.571258334312353
0.571129850243764
0.571002643867709
0.570876715856125
0.570752067311716
0.570628699577888
0.570506614024787
0.570385811837223
0.570266293829505
0.570148060308436
0.570031110999593
0.569915445044159
0.569801061065110
0.569687957293306
0.569576131737193
0.569465582374933
0.569356307345617
0.569248305116780
0.569141574608766
0.569036115262025
0.568931927040529
0.568829010372261
0.568727366035236
0.568626576807819
0.568525738183030
0.568426175645534
0.568327889727045
0.568230880545095
0.568135147743250
0.568040690489677
0.567947507533053
0.567855597307969
0.567764958076119
0.567675588085488
0.567587485727948
0.567500649676156
0.567415078983541
0.567330773135906
0.567247732049259
0.567165956015092
0.567085445600698
0.567006201517489
0.566928224473918
0.566851515031236
0.566776073479699
0.566701899750013
0.566628993370331
0.566557353473339
0.566486978851787
0.566417868054921
0.566350019513325
0.566283431676430
0.566218103145552
0.566154032786135
0.566091219805662
0.566029663788069
0.565969364681000
0.565910322738100
0.565852538424047
0.565796012294562
0.565740744866554
0.565686736494624
0.565633987269195
0.565582496948663
0.565532264933651
0.565483290286125
0.565435571790553
0.565389108049081
0.565343897598564
0.565299939034667
0.565257231127507
0.565215772914492
0.565175563758952
0.565136603367518
0.565098891764397
0.565062429226062
0.565027216184808
0.564993253113440
0.564960540405640
0.564929078267025
0.564898866630472
0.564869905106200
0.564842192972696
0.564815729209428
0.564790512567089
0.564766541666396
0.564743815112966
0.564722331613810
0.564702090080817
0.564683089708295
0.564665330014908
0.564648810844824
0.564633532328039
0.564619494804901
0.564606698724406
0.564595144529049
0.564584832540716
0.564575762861949
0.564567935304980
0.564561349357439
0.564556004189054
0.564551898698506
0.564549031594586
0.564547401501475
0.564547007074965
0.564547847115034
0.564549920660643
0.564553227054832
0.564557765971899
0.564563537403182
0.564570541603165
0.564578779002574
0.564588250099320
0.564598955340903
0.564610895013030
0.564624069148436
0.564638477467404
0.564654119357561
0.564670993895586
0.564689099908289
0.564708436065495
0.564729000993250
0.564750793393197
0.564773812153218
0.564798056435421
0.564823525730374
0.564850219870659
0.564878139001870
0.564907283514533
0.564937653945291
0.564969250859610
0.565002074730610
0.565036125829174
0.565071404139161
0.565107909308425
0.565145640641985
0.565177432414321
0.565192907615734
0.565209606381595
0.565227527187357
0.565246668626855
0.565267029521488
0.565288609001832
0.565311406551331
0.565335422006435
0.565360655512937
0.565387107443760
0.565414778288270
0.565443668526823
0.565473778506136
0.565505108331085
0.565537657786515
0.565571426299021
0.565606412943645
0.565642616494933
0.565680035516150
0.565718668475758
0.565758513876703
0.565799570382449
0.565841836923996
0.565885312774408
0.565929997581375
0.565975891353543
0.566022994402064
0.566071307244463
0.566120830482628
0.566171564670046
0.566223510184815
0.566276667124328
0.566331035234902
0.566386613885315
0.566443402087785
0.566501398563995
0.566560601848151
0.566621010414365
0.566682622812573
0.566745437796039
0.566809454424458
0.566874672129683
0.566941090735647
0.567008710429796
0.567077531689372
0.567147555171544
0.567218781580972
0.567291211531250
0.567364845417532
0.567439683316326
0.567515724925118
0.567592969549546
0.567671416139957
0.567751063372981
0.567831909768112
0.567913953824862
0.567997194163404
0.568081629651108
0.568167259499070
0.568254083316410
0.568342101115382
0.568431313266416
0.568521720408564
0.568613323326345
0.568706122808323
0.568800119505048
0.568895313804174
0.568991705738478
0.569089294938435
0.569188080635477
0.569288061715706
0.569389236817514
0.569491604461030
0.569595163193241
0.569699911730642
0.569805849081478
0.569912974632164
0.570021288186881
0.570130789955232
0.570241480489308
0.570353360577913
0.570466431111094
0.570580692931918
0.570696146694083
0.570812792743296
0.570930631037419
0.571049661115543
0.571169882120044
0.571291292868986
0.571413891969921
0.571537677960846
0.571662649460661
0.571788805310153
0.571916144685740
0.572044667171518
0.572174372780431
0.572305261921729
0.572437335318689
0.572570593886835
0.572705038587934
0.572840670278132
0.572977489569396
0.573115496721797
0.573254691580314
0.573395073564259
0.573536641710762
0.573679394766957
0.573823331319294
0.573968449943695
0.574114749357588
0.574262228554560
0.574410886904523
0.574560724206645
0.574711740688209
0.574863936949444
0.575017313861213
0.575171872428422
0.575327613636439
0.575484538299941
0.575642646933404
0.575801939659705
0.575962416168501
0.576124075729755
0.576286917260776
0.576450939438318
0.576616140841555
0.576782520107763
0.576950076080919
0.577118807934268
0.577288715251212
0.577459798054133
0.577632056777415
0.577805492188004
0.577980105263576
0.578155897043779
0.578332868473495
0.578511020258111
0.578690352749268
0.578870865875738
0.579052559128251
0.579233664811528
0.579402987629986
0.579573479111248
0.579745137757976
0.579917962207080
0.580091951368468
0.580267104528820
0.580443421407065
0.580620902154388
0.580799547298732
0.580979357640860
0.581160334115264
0.581342477633757
0.581525788931788
0.581710268437226
0.581895916178461
0.582082731743633
0.582270714296254
0.582459862645210
0.582650175360140
0.582841650917347
0.583034287857438
0.583228084934379
0.583423041236742
0.583619156265477
0.583816429958179
0.584014862656686
0.584214455022165
0.584415207908637
0.584617122211265
0.584820198708971
0.585024437921733
0.585229840000981
0.585436404667258
0.585644131203191
0.585853018502656
0.586063065169755
0.586274269654733
0.586486630409221
0.586700146040631
0.586914815445669
0.587130637905631
0.587347613131097
0.587565741250225
0.587785022742161
0.588005458324241
0.588227048807619
0.588449794940137
0.588673697256830
0.588898755957538
0.589124970827504
0.589352341211278
0.589580866043270
0.589810543930917
0.590041373279571
0.590273352442743
0.590506479878079
0.590740754288655
0.590976174731113
0.591212740676528
0.591450452016036
0.591689309010527
0.591929312190997
0.592170462222631
0.592412759750426
0.592656205246574
0.592900798879599
0.593146540422351
0.593393429210893
0.593641464159592
0.593890643830365
0.594140966546911
0.594392430538841
0.594645034096707
0.594898775717504
0.595153654221482
0.595409668824892
0.595666819159110
0.595925105233655
0.596184527348006
0.596445089367843
0.596706826027592
0.596969747094434
0.597233853319998
0.597499145064756
0.597765622246725
0.598033284347780
0.598302130476495
0.598572159478656
0.598843370080144
0.599115761042535
0.599389331310116
0.599664080128382
0.599940007118065
0.600217112295028
0.600495396033788
0.600774858980210
0.601055501925790
0.601337325661066
0.601620330828353
0.601904517793832
0.602189886556106
0.602476436703133
0.602764167422604
0.603053077563482
0.603343165739435
0.603634430459295
0.603926870266259
0.604220483866669
0.604515270230982
0.604811228653716
0.605108358765007
0.605406660493244
0.605706133984909
0.606006779493525
0.606308597253552
0.606611587356772
0.606915749647930
0.607221083653354
0.607527588551392
0.607835263187543
0.608144106130945
0.608454115763310
0.608765290387187
0.609077628338161
0.609391128085500
0.609705788307842
0.610021607934315
0.610338586146566
0.610656722342667
0.610976016069080
0.611296466931043
0.611618074494348
0.611940838192225
0.612264757249844
0.612589830636094
0.612916057048179
0.613243434929857
0.613571962519496
0.613901637920158
0.614232459181186
0.614564424379645
0.614897531690394
0.615231779435652
0.615567166108079
0.615906113282116
0.616249687835014
0.616594403854152
0.616940260256132
0.617287255902243
0.617635389535598
0.617984659732913
0.618335064876820
0.618686603151498
0.619039272561044
0.619393070966918
0.619747996138327
0.620104045807939
0.620461217724955
0.620819509698347
0.621178919624778
0.621539445498153
0.621901085400406
0.622263837475775
0.622627699892967
0.622992670801041
0.623358748285408
0.623725930329951
0.624094214790105
0.624463599379944
0.624834081674186
0.625205659123961
0.625578329083280
0.625952088841910
0.626326935659671
0.626702866797319
0.627079879539907
0.627457971209836
0.627837139168399
0.628217380806284
0.628598693525031
0.628981074712522
0.629364521716256
0.629749031818210
0.630134602214607
0.630521230003033
0.630908912178159
0.631297645636023
0.631687427185680
0.632078253566047
0.632470121465215
0.632863027539357
0.633256968428583
0.633651940767733
0.634047941190945
0.634444966329751
0.634843012805430
0.635242077217018
0.635642156126961
0.636043246046513
0.636445343422897
0.636848444629835
0.637252545962478
0.637657643637061
0.638063733794927
0.638470812509999
0.638878875798340
0.639287919628281
0.639697939929626
0.640108932600688
0.640520893512313
0.640933818508545
0.641347703404069
0.641762543979019
0.642178335972049
0.642595075072754
0.643012756914497
0.643431377068585
0.643850931040457
0.644271414268204
0.644692822123394
0.645115149913862
0.645538392887864
0.645962546238863
0.646387605110197
0.646813564598944
0.647240419758485
0.647668165599497
0.648096797089331
0.648526309149990
0.648956696655069
0.649387954426162
0.649820077229240
0.650253059771497
0.650686896699013
0.651121582595460
0.651557111981917
0.651993479317657
0.652430679001704
0.652868705374816
0.653307552721559
0.653747215272137
0.654187687203715
0.654628962641078
0.655071035656559
0.655513900269306
0.655957550444002
0.656401980089281
0.656847183056037
0.657293153135859
0.657739884059776
0.658187369497428
0.658635603056711
0.659084578283875
0.659534288663987
0.659984727621636
0.660435888521732
0.660887764670245
0.661340349314782
0.661793635644893
0.662247616792090
0.662702285829567
0.663157635771695
0.663613659573344
0.664070350129136
0.664527700272729
0.664985702776207
0.665444350349618
0.665903635640721
0.666363551234909
0.666824089655295
0.667285243362925
0.667747004757029
0.668209366175288
0.668672319894044
0.669135858128413
0.669599973032298
0.670064656698288
0.670529901157454
0.670995698379089
0.671462040270401
0.671928918676218
0.672396325378724
0.672864252097254
0.673332690488163
0.673801632144763
0.674271068597344
0.674740991313220
0.675211391696829
0.675682261089828
0.676153590771181
0.676625371957220
0.677097595801667
0.677570253395628
0.678043335767543
0.678516833883120
0.678990738645257
0.679465040893957
0.679939731406271
0.680414800896248
0.680891088080959
0.681373959898793
0.681857191868126
0.682340774460818
0.682824698085517
0.683308953087749
0.683793529750006
0.684278418291822
0.684763608869854
0.685249091577946
0.685734856447191
0.686220893445976
0.686707192480045
0.687193743392554
0.687680535964130
0.688167559912952
0.688654804894840
0.689142260503356
0.689629916269917
0.690117761663927
0.690605786092912
0.691093978902662
0.691582329377384
0.692070826739849
0.692559460151550
0.693048218712855
0.693537091463164
0.694026067381072
0.694515135384530
0.695004284331013
0.695493503017702
0.695982780181661
0.696472104500034
0.696961464590243
0.697450849010197
0.697940246258511
0.698429644774729
0.698919032939557
0.699408399075099
0.699897731445100
0.700387018255194
0.700876247653160
0.701365407729177
0.701854486516089
0.702343471989673
0.702832352068919
0.703321114616307
0.703809747438102
0.704298238284646
0.704786574850661
0.705274744775564
0.705762735643782
0.706250534985075
0.706738130274869
0.707225508934596
0.707712658332032
0.708199565781651
0.708686218544981
0.709172603830968
0.709658708796341
0.710144520545987
0.710630026133340
0.711115212560760
0.711600066779932
0.712084575692270
0.712568726149320
0.713052504953181
0.713535898856920
0.714018894565006
0.714501478733742
0.714983637971707
0.715465358840203
0.715946627853711
0.716427431480350
0.716907756142342
0.717387588216490
0.717866914034655
0.718345719884240
0.718823992008687
0.719301716607972
0.719778879839113
0.720255467816680
0.720731466613312
0.721206862260245
0.721681640747839
0.722155788026118
0.722629290005311
0.723102132556401
0.723574301511682
0.724045782665320
0.724516561773921
0.724986624557103
0.725455956698079
0.725924543844241
0.726392371607749
0.726859425566136
0.727325691262905
0.727791154208141
0.728255799879126
0.728719613720964
0.729182581147201
0.729644687540465
0.730105918253098
0.730566258607807
0.731025693898307
0.731484209389981
0.731941790320539
0.732398421900686
0.732854089314790
0.733308777721562
0.733762472254740
0.734215158023772
0.734666820114513
0.735117443589920
0.735567013490761
0.736015514836315
0.736462932625093
0.736909251835550
0.737354457426816
0.737798534339416
0.738241467496008
0.738683241802120
0.739123842146890
0.739563253403815
0.740001460431506
0.740438448074437
0.740874201163709
0.741308704517818
0.741741942943419
0.742173901236105
0.742604564181178
0.743033916554439
0.743461943122967
0.743888628645915
0.744313957875298
0.744737915556797
0.745160486430554
0.745581655231987
0.746001406692587
0.746419725540741
0.746836596502545
0.747252004302621
0.747665933664944
0.748078369313668
0.748489295973954
0.748898698372805
0.749306561239901
0.749712869308438
0.750117607315974
0.750520760005268
0.750922312125133
0.751322803019470
0.751721107935732
0.752117766578453